version,number of symbols,added symbols,removed symbols
4.56.3,1439,5,6
4.55.2,1440,18,0
4.53.2,1422,407,405
4.50.8,1420,15,11
4.50.4,1416,2,0
4.49.0,1414,15,11
4.46.0,1410,2,6
4.44.1,1414,16,5
4.43.3,1403,0,0
4.43.2,1403,14,2
4.42.0,1391,15,8
4.41.1,1384,29,10
4.34.0,1365,17,2
4.31.1,1350,0,2
4.28.0,1352,14,5
4.23.9,1343,4,5
4.22.0,1344,0,0
4.18.3,1344,13,2
4.17.2,1333,3,0
4.17.0,1330,12,1
4.13.0,1319,5,4
4.11.6,1318,27,4
4.9.0,1295,6,1
4.7.19,1290,4,0
4.7.15,1286,11,4
4.7.9,1279,4,0
4.7.5,1275,9,2
4.5.10,1268,7,1
4.5.2,1262,36,81
3.88.3,1307,74,22
3.84.5,1255,164,135
3.79.0,1226,2,0
3.76.0,1224,0,0
3.75.4,1224,0,0
3.75.3,1224,4,0
3.74.0,1220,7,0
3.71.6,1213,5,0
3.71.0,1208,0,25
3.70.3,1233,2,0
3.69.12,1231,3,0
3.69.2,1228,0,0
3.69.0,1228,9,0
3.67.1,1219,61,16
3.66.6,1174,10,0
3.66.0,1164,84,6
3.56.6,1086,12,2
3.56.5,1076,1,2
3.55.4,1077,0,3
3.55.2,1080,12,4
3.52.1,1072,0,7
3.52.0,1079,3,2
3.50.0,1078,63,10
3.44.4,1025,0,0
3.44.3,1025,2,2
3.44.1,1025,11,8
3.38.9,1022,323,87
3.11.6,786,144,48
3.4.2,690,,
