version,number of symbols,added symbols,removed symbols
1.7.2,711,1,2
1.7.1,712,2,3
1.7,713,39,7
1.6.1,681,0,0
1.6,681,22,1
1.5.1,660,22,2
1.4,640,20,46
1.3,666,6,3
1.2,663,41,3
1.1,625,198,83
0.32.2,510,0,0
0.32.1,510,13,3
0.30,500,69,1
0.25,432,16,0
0.22,416,35,1
0.20.1,382,1,0
0.20,381,58,1
0.18.2,324,,
