version,number of symbols,added symbols,removed symbols
1.7.2,711,3,5
1.7,713,39,7
1.6.1,681,0,0
1.6,681,44,3
1.4,640,56,41
1.1,625,198,83
0.32.2,510,0,0
0.32,510,13,3
0.30,500,10,1
0.29,491,19,0
0.28,472,43,0
0.24,429,13,0
0.22,416,94,2
0.18.2,324,,
