version,number of symbols,added symbols,removed symbols
3.0.2,1673,30,1
3.0.0,1644,603,166
2.8.10,1207,16,0
2.8.5,1191,60,2
2.8.2,1133,46,3
2.7.9,1090,39,0
2.7.6,1051,5,1
2.7.5,1047,0,0
2.7.4,1047,0,0
2.7.3,1047,26,0
2.7.0,1021,2,36
2.6.2,1055,12,2
2.6.1,1045,9,0
2.6.0,1036,97,124
2.3.1,1063,3,0
2.3.0,1060,44,11
2.1.0,1027,80,15
2.0.1,962,,
