version,number of symbols,added symbols,removed symbols
3.0.2,1673,30,1
3.0.0,1644,582,155
2.8.12,1217,25,15
2.8.10,1207,6,0
2.8.9,1201,10,0
2.8.6,1191,34,2
2.8.3,1159,27,0
2.8.1,1132,45,3
2.7.9,1090,44,1
2.7.4,1047,17,0
2.7.1,1030,9,0
2.7.0,1021,114,161
2.3.2,1068,11,1
2.3.1,1058,,
