version,number of symbols,added symbols,removed symbols
0.34.1,280,0,0
0.34.0,280,1,0
0.33.3,279,0,0
0.33.2,279,12,0
0.31.9,267,0,0
0.31.8,267,7,1
0.30.0,261,13,0
0.29.2,248,9,1
0.29.1,240,7,5
0.28.3,238,2,0
0.28.2,236,0,0
0.28.0,236,2,0
0.27.0,234,2,0
0.26.0,232,10,83
0.23.2,305,4,0
0.22.0,301,79,0
0.21.5,222,0,0
0.21.3,222,3,0
0.20.0,219,6,29
0.19.0,242,,
