version,number of symbols,added symbols,removed symbols
1.30.0,792,17,0
1.29.0,775,8,0
1.28.1,767,71,9
1.20.0,705,30,2
1.17.0,677,216,53
1.8.14,514,20,0
1.8.13,494,14,0
1.8.10,480,61,4
1.8.1,423,6,0
1.8.0,417,21,5
1.7.15,401,1,0
1.7.14,400,,
