version,number of symbols,added symbols,removed symbols
2.3.5,809,0,0
2.3.4,809,62,41
2.3.3,788,0,16
2.3.2,804,11,0
2.2.8,793,23,7
2.2.4,777,0,0
2.2.3,777,13,7
2.2.2,771,0,0
2.2.1,771,2,6
2.1.3,775,6,0
2.1.2,769,23,0
2.0.2,746,0,0
2.0.1,746,0,0
2.0.0,746,428,3
1.8.6,321,2,382
1.8.5,701,0,28
1.8.4,729,53,8
1.7.6,684,,
