version,number of symbols,added symbols,removed symbols
1.0.3,272,0,0
1.0.2,272,28,13
0.35.6,257,10,0
0.34.12,247,0,0
0.34.9,247,5,9
0.33.11,251,0,0
0.33.7,251,0,0
0.33.3,251,35,29
0.31.11,245,0,0
0.31.10,245,0,0
0.31.9,245,3,0
0.31.1,242,19,2
0.30.5,225,0,0
0.30.4,225,71,30
0.29.1,184,8,1
0.28.14,177,0,0
0.28.8,177,0,0
0.28.7,177,0,0
0.28.5,177,0,0
0.28.3,177,0,0
0.28.0,177,2,0
0.27.0,175,5,4
0.26.4,174,0,0
0.26.2,174,11,1
0.24.1,164,100,0
0.22.1,64,11,0
0.21.0,53,32,124
0.17.5,145,13,14
0.12.1,146,104,10
0.3.0,52,40,0
0.1.1,12,,
