version,number of symbols,added symbols,removed symbols
1.0,106,0,0
0.9.1,106,5,0
0.9,101,3,22
0.8.3,120,2,0
0.8.2,118,0,0
0.7.7,118,0,1
0.7.6,119,3,0
0.7.5,116,0,0
0.7.2,116,2,0
0.7.1,114,0,0
0.6.5,114,1,0
0.6.4,113,19,0
0.6.2,94,17,20
0.5.2,97,44,0
0.5,53,4,0
0.4.8,49,1,0
0.4.7,48,1,0
0.4.5,47,0,0
0.4.3,47,0,0
0.4.2,47,0,0
0.4.1,47,0,0
0.3.3,47,,
