version,number of symbols,added symbols,removed symbols
6.2.2,1364,0,0
6.2.1,1364,2,0
6.2.0,1362,87,73
6.1.1,1348,65,51
6.0.1,1334,272,57
5.4.3,1119,17,5
5.4.0,1107,109,27
5.3.5,1025,5,0
5.3.3,1020,16,0
5.3.2,1004,1,1
5.3.1,1004,54,10
5.2.4,960,0,0
5.2.1,960,2,0
5.2.0,958,10,0
5.1.1,948,46,118
4.6.4,1020,5,5
4.5.0,1020,31,14
4.4.0,1003,33,2
4.3.0,972,,
