version,number of symbols,added symbols,removed symbols
1.1.2,925,2,0
1.1.1,923,43,1
1.0.8,881,61,17
1.0.7,837,37,12
1.0.6,812,16,1
1.0.5,797,0,0
1.0.4,797,1,0
1.0.3,796,0,0
1.0.2,796,0,0
1.0.1,796,196,46
0.8.5,646,12,10
0.8.4,644,94,30
0.8.2,580,19,39
0.8.1,600,455,316
0.6.8,461,0,0
0.6.7,461,68,36
0.6.4,429,,
