version,number of symbols,added symbols,removed symbols
1.2.0,940,7,1
1.1.5,934,16,3
1.1.3,921,2,6
1.1.2,925,2,0
1.1.1,923,43,1
1.0.8,881,61,17
1.0.7,837,37,12
1.0.6,812,16,1
1.0.5,797,1,0
1.0.2,796,0,0
1.0.1,796,9,1
1.0.0,788,0,0
0.9.5,788,104,24
0.9.1,708,10,9
0.8.8,707,82,21
0.8.5,646,12,10
0.8.4,644,539,358
0.6.9,463,2,0
0.6.8,461,0,0
0.6.7,461,40,36
0.6.6,457,12,10
0.6.5,455,28,2
0.6.4,429,,
