version,number of symbols,added symbols,removed symbols
1.22.0,609,16,1
1.21.0,594,32,1
1.19.0,563,29,1
1.17.0,535,11,1
1.16.0,525,27,5
1.14.0,503,15,0
1.12.1,488,316,75
0.27.0,247,5,5
0.26.0,247,93,17
0.25.0,171,12,87
0.24.0,246,,
