version,number of symbols,added symbols,removed symbols
0.24.4,216,0,0
0.24.3,216,1,0
0.24,215,0,0
0.23.2,215,0,0
0.23.1,215,13,6
0.21,208,0,0
0.20.2,208,0,0
0.20.1,208,5,0
0.19.1,203,10,0
0.18.1,193,3,1
0.18,191,2,3
0.17.5,192,2,0
0.17.3,190,1,0
0.17.2,189,0,0
0.17.1,189,1,0
0.17,188,2,0
0.16.3,186,4,0
0.16.2,182,1,0
0.16.1,181,14,1
0.14.1,168,3,1
0.13.1,166,9,9
0.12.1.1,166,0,0
0.12.1,166,1,0
0.12.0,165,6,0
0.11.2,159,0,0
0.11.1,159,0,0
0.11.0,159,3,1
0.10.4,157,15,1
0.9.1.1,143,,
