version,number of symbols,added symbols,removed symbols
22.0.1,1174,0,3
21.0.1,1177,0,0
21.0.0,1177,109,91
20.0.0,1159,9,12
19.0.2,1162,3,6
19.0.1,1165,26,0
18.1.0,1139,30,0
18.0.2,1109,0,26
18.0.0,1135,27,0
17.1.2,1108,26,0
17.1.1,1082,12,0
17.0.0,1070,64,80
16.0.1,1086,38,24
15.3.0,1072,,
