version,number of symbols,added symbols,removed symbols
9.8.2,511,8,1
9.7.0,504,17,0
9.6.2,487,176,0
9.6.1,311,0,175
9.6.0,486,10,3
9.4.0,479,51,1
9.2.0,429,16,0
9.0.0,413,38,14
6.2.0,389,0,0
6.1.2,389,14,0
6.0.0,375,3,3
5.2.1,375,0,0
5.1.1,375,12,0
5.0.0,363,1,6
4.2.2,368,2,2
4.2.1,368,4,0
4.1.0,364,1,0
3.4.0,363,17,0
3.3.1,346,1,0
3.2.0,345,,
