version,number of symbols,added symbols,removed symbols
9.11.0,535,28,4
9.8.2,511,0,0
9.8.1,511,8,1
9.7.0,504,17,0
9.6.2,487,10,0
9.5.1,477,79,3
9.1.0,401,2,14
9.0.1,413,23,7
8.0.0,397,5,2
7.1.0,394,10,5
6.2.0,389,0,0
6.1.2,389,0,0
6.1.0,389,14,0
6.0.0,375,3,3
5.2.0,375,0,0
5.1.1,375,12,0
5.0.0,363,3,8
4.2.1,368,2,0
4.2.0,366,3,0
4.0.0,363,0,0
3.4.0,363,17,0
3.3.1,346,1,0
3.3.0,345,0,0
3.2.0,345,0,0
3.1.0,345,,
