version,number of symbols,added symbols,removed symbols
0.17.2,1215,70,0
0.16.0,1145,9,52
0.15.7,1188,153,17
0.14.0,1052,9,11
0.13.8,1054,10,3
0.13.5,1047,134,144
0.13.1,1057,87,71
0.12.6,1041,19,16
0.12.4,1038,33,11
0.10.0,1016,1,0
0.9.1,1015,554,102
0.4.4,563,88,14
0.4.2,489,0,0
0.4.1,489,,
