version,number of symbols,added symbols,removed symbols
0.19.1,1309,142,21
0.15.7,1188,51,0
0.15.5,1137,102,17
0.14.0,1052,152,157
0.13.1,1057,106,87
0.12.4,1038,31,11
0.10.1,1018,3,0
0.9.2,1015,0,0
0.9.1,1015,30,0
0.8.0,985,6,0
0.7.2,979,2,0
0.7.1,977,43,7
0.6.0,941,480,102
0.4.4,563,9,0
0.4.3,554,,
