version,number of symbols,added symbols,removed symbols
7.4.5,1040,97,0
7.4.2,943,0,0
7.4.1,943,66,20
7.3.0,897,24,0
7.2.0,873,29,2
7.1.0,846,0,0
7.0.8,846,44,0
7.0.4,802,192,60
6.12.0,670,6,0
6.10.3,664,196,42
6.5.2,510,87,80
6.3.0,503,147,13
6.2.0,369,216,117
6.1.3,270,188,102
6.0.0,184,164,58
5.0.8,78,,
