version,number of symbols,added symbols,removed symbols
9.1,370,1,0
9.0,369,0,0
8.2,369,8,0
8.1,361,19,0
8.0,342,38,24
7.2,328,26,3
6.1,305,3,0
6.0,302,5,0
5.0,297,3,0
4.18,294,2,0
4.17,292,35,0
4.4,257,59,4
1.44.7,202,,
