version,number of symbols,added symbols,removed symbols
0.6.20,1084,9,28
0.6.19,1103,165,93
0.6.12,1031,162,68
0.6.0,937,55,8
0.5.11,890,33,3
0.5.8,860,29,2
0.5.5,833,10,1
0.5.3,824,1,3
0.5.2,826,34,3
0.5.0,795,192,27
0.4.3,630,1,0
0.4.2,629,90,43
0.3.9,582,375,107
0.3.2,314,79,15
0.2.4,250,,
