version,number of symbols,added symbols,removed symbols
3.0.7,931,25,0
3.0.6,906,17,17
3.0.5,906,43,0
3.0.1,863,0,0
3.0.0,863,103,97
2.2.2,857,41,8
2.2.1,824,22,9
2.2.0,811,55,0
2.1.1,756,33,4
2.0.9,727,31,20
2.0.8,716,62,0
2.0.6,654,21,0
2.0.2,633,9,3
2.0.1,627,90,12
1.3.1,549,,
