version,number of symbols,added symbols,removed symbols
2.0.0,872,52,60
1.3.0,880,21,1
1.0.0,860,7,1
0.9.1,854,20,2
0.8.0,836,88,14
0.7.2,762,0,0
0.7.1,762,157,16
0.6.1,621,79,48
0.5.1,590,4,0
0.4.3,586,0,0
0.4.2,586,12,68
0.3.2,642,1,0
0.3.1,641,77,66
0.1.8,630,67,8
0.1.7,571,2,0
0.1.6,569,38,5
0.1.3,536,,
