version,number of symbols,added symbols,removed symbols
2.0.3,873,0,0
2.0.1,873,1,0
2.0.0,872,51,60
1.4.0,881,17,0
1.3.0,864,7,16
1.1.0,873,14,1
1.0.0,860,5,1
0.9.2,856,76,0
0.9.1,780,0,74
0.9.0,854,20,2
0.8.0,836,88,14
0.7.2,762,157,16
0.6.1,621,83,48
0.4.2,586,5,0
0.4.1,581,5,68
0.4.0,644,3,0
0.3.1,641,5,2
0.3.0,638,41,58
0.1.9,655,105,21
0.1.7,571,10,0
0.1.5,561,36,11
0.1.3,536,,
