version,number of symbols,added symbols,removed symbols
1.16.0,399,74,101
1.14.0,426,91,1
1.13.2,336,1,56
1.13.0,391,17,12
1.12.3,386,63,15
1.10.3,338,3,0
1.10.2,335,54,0
1.10.1,281,26,53
1.9.2,308,31,2
1.9.0,279,65,1
1.8.3,215,30,2
1.7.1,187,5,59
1.7.0,241,4,0
1.6.1,237,15,2
1.5.0,224,5,0
1.4.1,219,42,0
1.4.0,177,7,41
1.3.0,211,22,0
1.2.9,189,41,0
1.2.6,148,0,41
1.2.5,189,,
