version,number of symbols,added symbols,removed symbols
1.16.0,399,74,45
1.14.0,370,52,12
1.12.1,330,7,0
1.12.0,323,6,58
1.11.0,375,48,11
1.10.3,338,3,0
1.10.2,335,1,0
1.10.1,334,0,0
1.10.0,334,53,1
1.9.3,282,26,52
1.9.2,308,31,2
1.9.0,279,12,1
1.8.3,268,54,1
1.8.1,215,24,50
1.7.0,241,19,2
1.5.0,224,5,0
1.4.1,219,42,0
1.4.0,177,7,41
1.3.0,211,22,0
1.2.9,189,0,0
1.2.8,189,0,0
1.2.7,189,41,0
1.2.6,148,0,41
1.2.5,189,10,5
1.2.4,184,87,0
1.1.6,97,,
