version,number of symbols,added symbols,removed symbols
1.17.0,449,122,96
1.15.0,423,71,18
1.14.0,370,36,1
1.13.0,335,17,12
1.12.2,330,13,5
1.11.0,322,49,9
1.10.2,282,1,0
1.10.1,281,0,53
1.10.0,334,108,2
1.9.1,228,2,0
1.9.0,226,12,54
1.8.3,268,3,2
1.8.2,267,0,0
1.8.1,267,86,1
1.7.0,182,16,17
1.5.0,183,5,0
1.4.1,178,1,0
1.4.0,177,7,0
1.3.1,170,22,0
1.2.9,148,0,0
1.2.8,148,0,41
1.2.7,189,41,0
1.2.6,148,0,0
1.2.5,148,84,33
1.1.6,97,,
