version,number of symbols,added symbols,removed symbols
3.14.0,853,0,2168
3.13.0.1,3021,22,40
3.11.2,3039,0,0
3.11.0,3039,15,48
3.10.0,3072,48,0
3.8.0,3024,673,11
3.7.1,2362,0,0
3.7.0,2362,46,18
3.6.1,2334,2,0
3.6.0,2332,39,47
3.5.2,2340,2,0
3.5.1,2338,84,0
3.5.0,2254,75,8
3.4.0,2187,87,23
3.3.0,2123,8,2
3.2.0,2117,56,0
3.1.0,2061,25,0
3.0.0,2036,50,19
3.0.0b3,2005,1280,86
3.0.0b2.post2,811,26,0
3.0.0b2,785,,
