version,number of symbols,added symbols,removed symbols
3.14.0,1257,0,1764
3.13.0.1,3021,0,0
3.13.0,3021,22,40
3.11.4,3039,0,0
3.11.1,3039,21,48
3.9.1,3066,715,11
3.7.1,2362,46,18
3.6.1,2334,122,44
3.5.1,2256,2,0
3.5.0,2254,158,27
3.3.0,2123,137,19
3.0.0b3,2005,54,10
3.0.0b2.post2,1961,,
