version,number of symbols,added symbols,removed symbols
3.12.0,356,1,0
3.11.5,355,6,0
3.11.2,349,0,0
3.11.1,349,3,0
3.10.11,346,4,0
3.10.10,342,0,0
3.10.6,342,1,2
3.10.2,343,0,0
3.10.1,343,10,0
3.9.1,333,6,0
3.8.1,327,2,0
3.8.0,325,0,1
3.7.2,326,0,27
3.7.0,353,9,0
3.6.1,344,25,14
3.5.1,333,3,2
3.4.17,332,10,1
3.4.12,323,1,0
3.4.11,322,4,0
3.4.6,318,,
