version,number of symbols,added symbols,removed symbols
5.4.3,489,1,0
5.4.2,488,20,0
5.3.4,468,0,0
5.3.3,468,0,0
5.3.2,468,0,19
5.3.0,487,2,0
5.2.1,485,1,0
5.2.0,484,5,2
5.1.3,481,13,4
5.1.1,472,21,0
4.10.0,451,0,0
4.9.0,451,3,0
4.8.2,448,0,0
4.8.1,448,0,0
4.8.0,448,30,0
4.6.1,418,3,0
4.6.0,415,4,0
4.5.2,411,0,0
4.5.0,411,0,0
4.4.1,411,18,2
4.3.1,395,,
