version,number of symbols,added symbols,removed symbols
0.23.6,696,91,31
0.22.9,636,40,0
0.20.5,596,26,3
0.19.55,573,4,0
0.19.50,569,2,1
0.19.49,568,5,0
0.19.46,563,13,0
0.19.41,550,11,11
0.19.37,550,13,3
0.19.33,540,11,0
0.19.32,529,67,28
0.19.29,490,25,2
0.19.23,467,76,27
0.19.17,418,7,1
0.19.15,412,11,17
0.19.12,418,11,13
0.19.10,420,,
