version,number of symbols,added symbols,removed symbols
45.0.0,1551,5,0
42.0.1,1546,0,0
42.0.0,1546,58,31
41.5.1,1519,10,1
41.0.1,1510,7,5
40.7.3,1508,1,0
40.7.1,1507,12,3
40.6.1,1498,19,1
40.4.0,1480,18,8
39.2.0,1470,405,6
38.6.0,1071,0,0
38.5.2,1071,13,0
38.5.1,1058,30,9
36.7.2,1037,41,1
33.1.1,997,26,5
28.8.0,976,2,0
28.7.0,974,12,1
28.6.1,963,0,0
28.5.0,963,25,4
27.1.2,942,38,6
25.3.0,910,,
