version,number of symbols,added symbols,removed symbols
0.5.0,202,4,262
0.3.3,460,6,0
0.3.2,454,7,1
0.3.1,448,21,1
0.2.1,428,0,0
0.2.0,428,58,12
0.1.3,382,10,8
0.1.2,380,64,5
0.1.0,321,55,8
0.0.5,274,33,2
0.0.4post1,243,61,35
0.0.3,217,28,0
0.0.2,189,38,5
0.0.1post2,156,,
