version,number of symbols,added symbols,removed symbols
1.2.3,537,7,0
1.2.2,530,49,12
1.1.4,493,0,41
1.1.3,534,0,262
1.1.2,796,0,0
1.1.1,796,104,38
1.0.8,730,0,0
1.0.6,730,1,0
1.0.4,729,1,47
1.0.0,775,244,23
0.2.1,554,101,205
0.1.1,658,0,0
0.1.0,658,28,0
0.0.5,630,4,49
0.0.2,675,,
