version,number of symbols,added symbols,removed symbols
0.7.5,307,7,0
0.7.3,300,3,2
0.7.2,299,11,21
0.7.1,309,0,0
0.7.0,309,68,5
0.6.6,246,0,17
0.6.3,263,16,22
0.6.2,269,62,3
0.5.9,210,0,0
0.5.8,210,0,0
0.5.7,210,0,0
0.5.6,210,1,0
0.5.5,209,0,0
0.5.4,209,5,29
0.5.0,233,76,11
0.4.4,168,32,0
0.4.2,136,71,1
0.3.1,66,0,0
0.3.0,66,11,0
0.2.1,55,14,4
0.1.1,45,,
