version,number of symbols,added symbols,removed symbols
0.18.2,704,3,0
0.18.1,701,45,35
0.17.2,691,1,0
0.17.1,690,250,0
0.16.4,440,5,0
0.16.3,435,0,0
0.16.2,435,58,4
0.15.2,381,2,3
0.15.0,382,0,237
0.14.3,619,254,49
0.13.3,414,11,36
0.13.2,439,0,0
0.13.1,439,1,0
0.13.0,438,80,17
0.11.1,375,28,14
0.10.3,361,1,0
0.10.1,360,,
