version,number of symbols,added symbols,removed symbols
0.19.1,748,63,16
0.18.0,701,45,35
0.17.3,691,0,0
0.17.2,691,249,0
0.17.1,442,0,0
0.17.0,442,7,0
0.16.3,435,0,0
0.16.2,435,56,239
0.15.2,618,241,5
0.15.0,382,0,237
0.14.3,619,0,0
0.14.2,619,1,39
0.14.1,657,254,11
0.13.6,414,2,2
0.13.3,414,11,36
0.13.2,439,64,16
0.12.1,391,0,0
0.12.0,391,17,1
0.11.1,375,28,14
0.10.3,361,1,0
0.10.1,360,4,0
0.10.0,356,,
