version,number of symbols,added symbols,removed symbols
1.16,2187,0,3
1.16rc1,2190,54,23
1.15,2159,3,24
1.14,2180,11,0
1.14rc1,2169,680,6
1.13,1495,66,66
1.13rc1,1495,103,188
1.12,1580,1,1
1.12rc1,1580,34,27
1.11,1573,0,0
1.11rc1,1573,52,29
1.10,1550,0,2
1.10rc1,1552,30,37
1.9,1559,4,0
1.9rc1,1555,178,106
1.8,1483,0,0
1.8rc2,1483,28,0
1.8rc1,1455,37,4
1.7,1422,,
