version,number of symbols,added symbols,removed symbols
5.8.0,1164,29,45
5.7.2,1180,243,223
5.6.7,1160,0,0
5.6.5,1160,41,13
5.6.3,1132,129,51
5.4.8,1054,14,4
5.4.7,1044,18,13
5.4.6,1039,1,1
5.4.5,1039,0,0
5.4.4,1039,30,39
5.4.0,1048,295,54
5.2.1,807,0,0
5.2.0,807,5,1
5.1.3,803,27,8
5.0.1,784,48,38
4.3.0,774,19,2
4.2.0,757,10,0
4.1.0,747,,
