version,number of symbols,added symbols,removed symbols
5.8.0,1164,29,45
5.7.2,1180,208,167
5.7.0,1139,41,62
5.6.7,1160,0,0
5.6.5,1160,41,13
5.6.3,1132,0,0
5.6.2,1132,127,51
5.5.0,1056,2,0
5.4.8,1054,14,4
5.4.7,1044,19,14
5.4.4,1039,30,39
5.4.0,1048,53,0
5.3.1,995,247,55
5.1.3,803,27,8
5.0.1,784,55,28
4.2.0,757,,
