version,number of symbols,added symbols,removed symbols
3.0.0,1186,48,7
2.0.0,1145,73,43
1.0.1,1115,0,1484
1.0.0,2599,364,85
0.17.1,2320,12,0
0.17.0,2308,211,75
0.16.0,2172,296,21
0.15.1,1897,236,28
0.14.1,1689,154,7
0.13.0,1542,162,62
0.12.0,1442,189,14
0.11.1,1267,141,15
0.10.0,1141,206,27
0.9.0,962,147,23
0.8.0,838,192,13
0.7.0,659,88,11
0.6.0,582,45,9
0.5.0,546,0,0
0.5.0.pre,546,44,19
0.4.1,521,6,1
0.4.0,516,29,2
0.3.0.post,489,143,140
0.3.0,486,0,0
0.3.pre,486,269,98
0.2.post,315,101,15
0.1.post,229,,
