version,number of symbols,added symbols,removed symbols
2.0.0,1146,74,43
1.0.1,1115,0,1484
1.0.0,2599,364,86
0.17.1,2321,224,75
0.16.0,2172,296,21
0.15.1,1897,236,28
0.14.1,1689,314,67
0.12.0,1442,189,14
0.11.1,1267,1,0
0.11.0,1266,140,15
0.10.0,1141,206,27
0.9.0,962,415,35
0.6.0,582,45,9
0.5.0,546,0,0
0.5.0.pre,546,44,19
0.4.1,521,34,2
0.3.0.post,489,143,140
0.3.0,486,0,0
0.3.pre,486,,
