version,number of symbols,added symbols,removed symbols
3.0.0,1186,47,7
2.0.0,1146,73,43
1.0.1,1116,1,1484
1.0.0,2599,364,85
0.17.1,2320,12,0
0.17.0,2308,211,75
0.16.0,2172,305,21
0.15.0,1888,230,28
0.14.0,1686,150,6
0.13.0,1542,162,63
0.12.1,1443,1,0
0.12.0,1442,189,14
0.11.1,1267,344,39
0.9.0,962,328,25
0.7.0,659,88,11
0.6.0,582,89,28
0.4.1,521,34,2
0.3.0.post,489,,
